       1    -0.09439
       2    -0.11425
       3    -0.14836
       4    -0.17195
       5    -0.19115
       6    -0.20793
       7    -0.21576
       8    -0.23239
       9    -0.25985
      10    -0.28561
      11    -0.31890
      12    -0.35267
      13    -0.38025
      14    -0.41026
      15    -0.42509
      16    -0.45163
      17    -0.48271
      18    -0.53590
      19    -0.54931
      20    -0.61751
      21    -0.59904
      22    -0.54188
      23    -0.52123
      24    -0.47533
      25    -0.45746
      26    -0.42292
      27    -0.38439
      28    -0.43354
      29    -0.45764
      30    -0.48808
      31    -0.51026
      32    -0.56800
      33    -0.61684
      34    -0.68370
      35    -0.68762
      36    -0.67141
      37    -0.60301
      38    -0.51585
      39    -0.50597
      40    -0.47855
      41    -0.47076
      42    -0.49053
      43    -0.46553
      44    -0.45338
      45    -0.39343
      46    -0.34001
      47    -0.30084
      48    -0.27195
      49    -0.25470
      50    -0.25051
      51    -0.23333
      52    -0.21133
      53    -0.18356
      54    -0.14583
      55    -0.11574
      56    -0.08722
      57    -0.06598
      58    -0.05035
      59    -0.03898
      60    -0.02855
