       1    -0.02698
       2    -0.04170
       3    -0.06074
       4    -0.07921
       5    -0.09692
       6    -0.11008
       7    -0.11781
       8    -0.13141
       9    -0.13780
      10    -0.14867
      11    -0.16516
      12    -0.18477
      13    -0.22964
      14    -0.29004
      15    -0.34752
      16    -0.41438
      17    -0.49912
      18    -0.56804
      19    -0.59647
      20    -0.71343
      21    -0.73638
      22    -0.74340
      23    -0.73723
      24    -0.62402
      25    -0.52048
      26    -0.46059
      27    -0.41043
      28    -0.44919
      29    -0.46057
      30    -0.50714
      31    -0.50249
      32    -0.60785
      33    -0.61475
      34    -0.63333
      35    -0.59028
      36    -0.62110
      37    -0.56102
      38    -0.56454
      39    -0.57009
      40    -0.55402
      41    -0.51868
      42    -0.50737
      43    -0.43078
      44    -0.40764
      45    -0.35399
      46    -0.32473
      47    -0.25583
      48    -0.20101
      49    -0.14635
      50    -0.10954
      51    -0.08737
      52    -0.07060
      53    -0.05938
      54    -0.04328
      55    -0.03524
      56    -0.02842
      57    -0.02787
      58    -0.02488
      59    -0.01834
      60    -0.01230
