       1    -0.08986
       2    -0.11044
       3    -0.14215
       4    -0.16772
       5    -0.18568
       6    -0.20095
       7    -0.20995
       8    -0.22432
       9    -0.24604
      10    -0.26619
      11    -0.28862
      12    -0.31091
      13    -0.34294
      14    -0.39471
      15    -0.44787
      16    -0.51010
      17    -0.57123
      18    -0.62346
      19    -0.62562
      20    -0.69149
      21    -0.65237
      22    -0.59855
      23    -0.58923
      24    -0.53925
      25    -0.52610
      26    -0.47696
      27    -0.43962
      28    -0.50019
      29    -0.54301
      30    -0.55588
      31    -0.57399
      32    -0.65105
      33    -0.69551
      34    -0.75028
      35    -0.74027
      36    -0.70424
      37    -0.62520
      38    -0.53416
      39    -0.52227
      40    -0.49228
      41    -0.47221
      42    -0.48990
      43    -0.46149
      44    -0.44456
      45    -0.38583
      46    -0.33339
      47    -0.29222
      48    -0.26580
      49    -0.24311
      50    -0.23553
      51    -0.21684
      52    -0.19431
      53    -0.17011
      54    -0.13693
      55    -0.11020
      56    -0.08482
      57    -0.06554
      58    -0.05131
      59    -0.04009
      60    -0.02947
